decrypt e: positions :  0 81 92 105 216 378 389 468 504 586 617 738 928 1030 1061 1070 1072 1177 1294 1316 1366 1389 1510 1670 1721 1728 1746 1783 1888 1893 1951 1970 1995 2003 2053 2068 2082 2113 2202 2363 2418 2508 2541 2553 2603 2641 2704 2731 2818 2951 2974 3091 3132 3157 3158 3174 3182 3215 3330 3348 3377 3382 3392 3468

decrypt e: positions :  2 21 29 73 115 132 138 180 227 283 299 359 402 425 507 524 526 534 556 588 675 688 691 700 724 928 949 1002 1030 1061 1062 1070 1072 1172 1177 1294 1315 1316 1366 1389 1394 1510 1564 1670 1721 1728 1738 1746 1774 1783 1828 1864 1866 1888 1893 1949 1951 1970 1974 1985 1992 1995 2003 2013 2053 2063 2068 2082 2113 2118 2126 2168 2184 2202 2230 2255 2296 2363 2418 2500 2508 2510 2541 2553 2603 2641 2648 2687 2704 2719 2731 2804 2818 2859 2951 2960 2974 3091 3132 3133 3151 3157 3158 3174 3182 3202 3215 3330 3348 3372 3377 3382 3392 3468 3482

decrypt e: positions :  9 27 268 308 329 351 555 594 596 597 671 677 723 761 808 848 879 925 927 928 949 1002 1030 1061 1062 1065 1070 1072 1082 1088 1172 1177 1181 1201 1261 1294 1315 1316 1366 1389 1394 1449 1452 1509 1510 1511 1564 1590 1651 1653 1670 1679 1709 1721 1728 1738 1746 1750 1774 1783 1806 1819 1828 1864 1866 1888 1893 1936 1949 1950 1951 1970 1973 1974 1985 1992 1995 2003 2013 2034 2045 2053 2063 2068 2082 2113 2118 2126 2144 2168 2184 2202 2230 2255 2293 2296 2342 2361 2363 2366 2418 2434 2454 2462 2485 2500 2508 2510 2541 2553 2603 2641 2648 2687 2704 2719 2731 2761 2796 2804 2817 2818 2859 2951 2960 2974 2983 3085 3091 3103 3132 3133 3151 3157 3158 3168 3174 3182 3202 3215 3268 3330 3348 3372 3377 3382 3392 3435 3455 3468 3472 3482 3485

decrypt e: positions :  779 879 925 927 928 949 1002 1030 1061 1062 1065 1070 1072 1082 1088 1172 1177 1181 1201 1261 1294 1315 1316 1366 1389 1394 1449 1452 1509 1510 1511 1564 1590 1651 1653 1670 1679 1709 1721 1728 1738 1746 1750 1774 1783 1806 1819 1828 1864 1866 1888 1893 1936 1949 1950 1951 1970 1973 1974 1985 1992 1995 2003 2013 2034 2045 2053 2063 2068 2082 2113 2118 2126 2144 2168 2184 2202 2230 2255 2293 2296 2342 2361 2363 2366 2418 2434 2454 2462 2485 2500 2508 2510 2541 2553 2603 2641 2648 2687 2704 2719 2731 2761 2796 2804 2817 2818 2859 2951 2960 2974 2983 3085 3091 3103 3132 3133 3151 3157 3158 3168 3174 3182 3202 3215 3268 3330 3348 3372 3377 3382 3392 3435 3455 3468 3472 3482 3485

decrypt e: positions :  33 90 104 219 237 251 321 457 473 489 587 755 770 843 853 879 925 927 928 929 933 949 985 1002 1030 1047 1061 1062 1065 1070 1072 1082 1088 1108 1172 1177 1178 1181 1199 1201 1214 1261 1294 1315 1316 1366 1384 1389 1394 1449 1452 1458 1481 1509 1510 1511 1564 1590 1606 1630 1651 1653 1670 1673 1679 1709 1721 1728 1738 1740 1746 1750 1774 1783 1806 1819 1820 1828 1864 1866 1888 1893 1902 1908 1934 1936 1945 1949 1950 1951 1970 1973 1974 1985 1992 1995 1999 2003 2009 2013 2034 2045 2053 2057 2063 2068 2082 2113 2118 2126 2144 2168 2170 2184 2202 2222 2230 2255 2293 2296 2342 2361 2363 2366 2418 2428 2434 2438 2439 2454 2462 2485 2500 2508 2510 2541 2553 2557 2588 2603 2617 2641 2648 2687 2704 2705 2719 2731 2761 2796 2804 2817 2818 2858 2859 2951 2960 2972 2974 2983 3010 3042 3073 3085 3091 3103 3116 3132 3133 3151 3157 3158 3168 3174 3182 3192 3202 3215 3245 3268 3272 3325 3330 3347 3348 3372 3377 3382 3392 3397 3435 3455 3468 3472 3482 3485

decrypt e: positions :  26 28 38 83 86 136 144 268 327 399 404 428 468 482 509 514 655 690 793 814 879 891 925 927 928 929 933 949 960 985 1002 1030 1047 1061 1062 1065 1070 1072 1082 1088 1108 1141 1156 1172 1177 1178 1181 1199 1201 1214 1224 1261 1294 1301 1315 1316 1321 1366 1384 1389 1392 1394 1395 1406 1417 1449 1452 1458 1481 1482 1509 1510 1511 1546 1547 1564 1590 1606 1630 1641 1651 1653 1670 1673 1679 1706 1709 1712 1721 1728 1738 1740 1746 1750 1771 1774 1781 1783 1806 1819 1820 1828 1859 1864 1866 1888 1893 1902 1908 1934 1936 1945 1949 1950 1951 1970 1973 1974 1985 1992 1995 1999 2003 2009 2013 2034 2045 2053 2057 2063 2068 2082 2109 2113 2118 2126 2144 2153 2168 2170 2184 2202 2222 2227 2230 2255 2293 2296 2300 2331 2342 2361 2363 2366 2418 2428 2434 2438 2439 2441 2454 2462 2485 2500 2508 2510 2516 2541 2553 2557 2573 2588 2603 2617 2641 2648 2687 2704 2705 2719 2731 2761 2796 2803 2804 2811 2817 2818 2858 2859 2942 2951 2960 2972 2974 2983 3010 3024 3028 3042 3073 3085 3091 3103 3116 3132 3133 3143 3151 3157 3158 3168 3174 3182 3184 3192 3202 3215 3244 3245 3266 3268 3272 3317 3325 3330 3347 3348 3371 3372 3377 3378 3382 3387 3392 3397 3435 3455 3468 3472 3482 3485

decrypt e: positions :  86 95 114 116 125 208 284 289 385 426 427 463 506 574 667 707 711 768 853 879 884 891 898 902 925 927 928 929 933 949 960 985 997 1002 1030 1047 1061 1062 1065 1070 1072 1082 1084 1088 1091 1108 1116 1141 1156 1172 1177 1178 1181 1199 1201 1214 1224 1252 1261 1268 1271 1294 1301 1315 1316 1321 1350 1360 1366 1367 1384 1389 1392 1394 1395 1406 1417 1439 1449 1452 1453 1458 1481 1482 1509 1510 1511 1546 1547 1557 1564 1590 1606 1620 1630 1641 1651 1653 1670 1673 1679 1706 1709 1711 1712 1721 1728 1738 1740 1746 1750 1771 1774 1781 1783 1806 1811 1819 1820 1828 1859 1864 1866 1867 1888 1893 1902 1904 1908 1927 1934 1936 1945 1949 1950 1951 1970 1973 1974 1985 1992 1995 1999 2003 2009 2013 2034 2045 2053 2057 2063 2068 2082 2109 2113 2118 2126 2144 2153 2168 2170 2183 2184 2202 2222 2227 2230 2239 2246 2255 2293 2296 2300 2331 2342 2361 2363 2366 2367 2399 2418 2428 2434 2438 2439 2441 2454 2462 2465 2485 2499 2500 2508 2509 2510 2516 2541 2553 2557 2573 2588 2603 2617 2641 2648 2685 2687 2690 2697 2704 2705 2718 2719 2731 2761 2781 2796 2803 2804 2811 2817 2818 2858 2859 2877 2942 2951 2960 2972 2974 2979 2983 3010 3024 3028 3042 3048 3073 3085 3091 3103 3116 3121 3132 3133 3143 3151 3157 3158 3168 3174 3182 3184 3192 3202 3215 3244 3245 3266 3268 3272 3317 3325 3330 3347 3348 3371 3372 3377 3378 3382 3387 3392 3397 3435 3436 3455 3464 3468 3472 3482 3485

decrypt e: positions :  4 58 69 70 86 119 154 273 278 380 397 493 506 705 784 879 884 885 891 898 899 902 921 925 927 928 929 933 949 952 960 985 997 1002 1014 1030 1047 1061 1062 1065 1070 1072 1082 1084 1088 1091 1101 1108 1116 1121 1127 1141 1156 1172 1177 1178 1181 1199 1201 1214 1224 1252 1261 1268 1271 1294 1301 1315 1316 1321 1350 1360 1366 1367 1370 1384 1389 1392 1394 1395 1406 1417 1439 1444 1449 1452 1453 1458 1481 1482 1488 1509 1510 1511 1521 1546 1547 1557 1564 1590 1606 1614 1620 1630 1641 1651 1653 1670 1673 1679 1687 1706 1709 1711 1712 1721 1728 1738 1740 1746 1750 1771 1774 1781 1783 1806 1811 1819 1820 1826 1828 1858 1859 1864 1866 1867 1888 1893 1902 1904 1907 1908 1914 1927 1934 1936 1945 1949 1950 1951 1970 1973 1974 1985 1992 1995 1999 2003 2009 2013 2034 2041 2045 2053 2057 2063 2068 2082 2087 2108 2109 2113 2118 2126 2144 2153 2168 2170 2183 2184 2199 2202 2222 2227 2230 2239 2246 2250 2255 2274 2293 2296 2300 2331 2342 2361 2363 2366 2367 2377 2399 2418 2428 2432 2434 2438 2439 2441 2449 2454 2462 2465 2485 2486 2499 2500 2508 2509 2510 2516 2541 2553 2557 2573 2588 2603 2617 2641 2642 2648 2662 2685 2687 2690 2697 2704 2705 2718 2719 2731 2761 2772 2781 2796 2803 2804 2811 2817 2818 2858 2859 2877 2894 2942 2951 2960 2972 2974 2977 2979 2983 3000 3006 3010 3024 3028 3042 3048 3073 3085 3087 3091 3094 3103 3116 3121 3132 3133 3143 3151 3157 3158 3168 3174 3178 3182 3184 3192 3202 3215 3233 3244 3245 3266 3268 3272 3317 3320 3325 3330 3343 3347 3348 3371 3372 3373 3377 3378 3382 3387 3392 3397 3435 3436 3443 3454 3455 3464 3468 3472 3482 3485

decrypt e: positions :  104 113 116 127 180 224 250 303 354 471 559 655 659 694 739 795 879 884 885 891 898 899 902 908 921 925 927 928 929 933 949 952 960 985 997 1002 1014 1030 1047 1061 1062 1065 1070 1072 1074 1082 1084 1088 1091 1101 1108 1116 1121 1127 1141 1156 1172 1177 1178 1181 1185 1199 1201 1206 1214 1224 1252 1261 1268 1271 1294 1301 1302 1315 1316 1321 1350 1357 1360 1366 1367 1370 1382 1384 1389 1392 1394 1395 1406 1417 1421 1439 1444 1449 1452 1453 1458 1470 1479 1481 1482 1488 1509 1510 1511 1512 1514 1521 1522 1546 1547 1548 1557 1564 1590 1606 1614 1620 1630 1641 1647 1651 1653 1654 1670 1673 1679 1687 1706 1709 1711 1712 1721 1723 1728 1738 1740 1746 1750 1771 1774 1781 1782 1783 1806 1811 1819 1820 1826 1828 1858 1859 1864 1866 1867 1870 1888 1893 1898 1902 1904 1907 1908 1914 1927 1934 1936 1945 1949 1950 1951 1970 1973 1974 1976 1985 1986 1992 1995 1999 2003 2009 2013 2034 2041 2045 2053 2057 2063 2068 2082 2087 2108 2109 2113 2116 2118 2126 2144 2145 2153 2162 2168 2170 2183 2184 2199 2200 2202 2222 2227 2230 2239 2246 2250 2255 2266 2274 2293 2296 2300 2301 2323 2331 2342 2351 2361 2363 2366 2367 2377 2399 2418 2422 2428 2432 2434 2438 2439 2441 2449 2454 2462 2465 2485 2486 2499 2500 2508 2509 2510 2516 2541 2553 2557 2561 2573 2588 2603 2617 2641 2642 2648 2662 2684 2685 2687 2690 2697 2704 2705 2718 2719 2731 2761 2772 2781 2796 2803 2804 2811 2817 2818 2822 2858 2859 2877 2894 2921 2942 2951 2960 2972 2974 2977 2979 2983 3000 3006 3010 3024 3028 3041 3042 3048 3073 3085 3087 3091 3094 3103 3116 3121 3132 3133 3143 3147 3151 3157 3158 3168 3174 3178 3182 3184 3192 3198 3202 3215 3228 3233 3244 3245 3266 3268 3272 3276 3317 3320 3325 3330 3331 3343 3347 3348 3365 3371 3372 3373 3377 3378 3382 3386 3387 3392 3397 3411 3435 3436 3443 3454 3455 3464 3468 3472 3482 3485

decrypt e: positions :  42 59 87 160 259 465 507 551 586 635 660 699 811 879 884 885 891 898 899 902 908 911 921 925 927 928 929 933 949 952 960 985 992 997 1002 1008 1014 1023 1030 1047 1061 1062 1065 1070 1072 1074 1082 1084 1085 1088 1091 1101 1108 1116 1121 1127 1141 1156 1172 1177 1178 1181 1185 1192 1199 1201 1206 1214 1224 1225 1252 1261 1268 1271 1294 1301 1302 1315 1316 1321 1350 1357 1360 1366 1367 1369 1370 1375 1382 1384 1389 1392 1394 1395 1406 1417 1421 1439 1444 1449 1452 1453 1457 1458 1470 1479 1481 1482 1488 1509 1510 1511 1512 1514 1521 1522 1535 1546 1547 1548 1557 1564 1590 1594 1606 1614 1620 1630 1641 1643 1647 1651 1653 1654 1670 1673 1679 1686 1687 1706 1709 1711 1712 1721 1723 1728 1738 1740 1746 1750 1771 1774 1781 1782 1783 1806 1811 1817 1819 1820 1826 1828 1853 1858 1859 1864 1866 1867 1870 1888 1893 1898 1902 1904 1907 1908 1914 1927 1934 1936 1945 1949 1950 1951 1954 1970 1973 1974 1976 1985 1986 1990 1992 1995 1999 2003 2009 2013 2015 2034 2041 2045 2053 2057 2063 2068 2078 2082 2087 2108 2109 2113 2116 2118 2126 2144 2145 2153 2162 2168 2170 2183 2184 2199 2200 2202 2222 2227 2230 2239 2246 2250 2255 2266 2274 2293 2296 2300 2301 2306 2315 2321 2323 2331 2336 2342 2351 2352 2361 2363 2366 2367 2377 2399 2410 2413 2418 2422 2428 2432 2434 2438 2439 2441 2443 2449 2454 2459 2462 2465 2471 2485 2486 2499 2500 2508 2509 2510 2516 2541 2546 2553 2557 2561 2573 2586 2588 2603 2617 2641 2642 2648 2662 2664 2684 2685 2687 2690 2697 2704 2705 2718 2719 2731 2748 2761 2772 2781 2796 2803 2804 2811 2817 2818 2822 2856 2858 2859 2877 2884 2894 2921 2942 2948 2951 2960 2972 2974 2977 2979 2983 2991 3000 3006 3008 3010 3024 3028 3041 3042 3048 3066 3073 3085 3087 3091 3094 3103 3116 3121 3132 3133 3143 3147 3151 3157 3158 3164 3168 3174 3178 3182 3184 3192 3198 3202 3213 3215 3228 3233 3244 3245 3265 3266 3268 3272 3276 3317 3320 3322 3325 3330 3331 3343 3347 3348 3365 3371 3372 3373 3377 3378 3380 3382 3386 3387 3392 3397 3411 3435 3436 3443 3452 3454 3455 3464 3468 3472 3482 3485

0.179132 
